232
Refiduffln 7111114 XV. Medii Motusttu'ssae.

*nn—un..-

1 0 13 10 550 6410 55
1 0161110015110 621 2 1 5 530 55016
5 ¹ 91141010 50 932 5 1¹38 490 500 ²4

111 41 200 ²644052 43 4 21-1461 7014
² 5 5² ”Ua-2⁵50 15 51 5 254 411-ζ40-410
....-...- 04

4
6215 550040 6019 4 6 117101 40
7111450464801114751051157016 -
8 5 15 ²4 400 55 ²90 25 ²5 8 415511141 4
9 5185515101001856941513150ιη
10 411 &on-§.20 31 4550 5 29 ·2 222¹.AE
1141456ἷ511551“(1“““““5Ϊ5““’““’5’“7Ι 11 62213 4¹27
12 5 8 7 011015058811 611181 11111
¹5 5111755116540411811 7 8141, 17141

6 418101 15 560 4155514 141101 55151·
·’“’Ϊ 15 81474111,ώῇ

“··““·“, ’ΠΠΓἛΞι-ν·
920 04 44² ¹5

2310 3 32523345113 5
14101614 01401611615 111015641111
1111191416147711916111141·116581-1]

'‘m—'⁴ 16137““““ἶ5’1 17

16 11 11 55 111 55 481 22 37 26 14
²7 11 ²5 45 463 0 ²91 15 47 1449147-51114
18 0 856115 71012858

- ¹5 51¹ 52 929 ¹5 55 178. 55 50
30 ¹ 11111110111151910161111111111.

¹ 1

 

