Tabuit. 681. Logarithml ἁίῐὶζηζίκξ i Θ in toto Circulo

Anomaliae verae.

748784 747874 797777 7. 77748 766867 767647
748787 74776ι 7 74784 777707 7600οι 767740
748774 770077 777707 777464 767064 7 67870
748809 790708 799793 797679 767977 769979
748878 790787 799969 797787 767498 766000
748877 7 70467 777904 3· 77747 7 67607 766077

74887 770770 777678 778074 764747 7 66677
843389 mom 3.53773 798767 767890 766779
748889 9. 90979 7899908 798477 7 69097 766907
748707 770607 774047 778780 767677 766774
748776 888687 774777 778778 767704 766477

748777 770780 774777 778878 767447 766704
748787 080880 7 74476 777078 767776 766760
747076 770988 774777 7 77067 767707 766607
747070 777066 774740 777778 767840 766677

747077 778867 7 74887 777778 767768 766740 ,

749776 797777 799079 799696 764094 766769
749766 797976 799768 799894 764779 766809
747407 778480 7 77776 760077 764747 766844
747474 778787 777467 760667 764467 766880
747477 77867ι 777676 760746 764787 766778

749848 3·5¹798 3· 99766 760484 764709 766999
949898 9889888 799977 760640 764879 766989
747447 774068 776067 760777 764778 767007
949808 3· 52139 3· 56221 3060952 3·6504o 767076
747767 7 70078 776774 766706 767047 767047

 

