Tabula xxxm mgfflssffistssssdae 73 ὲ Θ in gradibus
333.

Ano· S. Ο. S. Ls. 11. S. 111. S. IV. S. V. ·

33ψ83ψπ3ψ33ωο3ωο3ψη37
4 4· 73783 373333 3 73633 373333 4· 70337 363033 36
5 3 73783 373333 373633 373333 370333 363686 33

33Μ83Μο3Μ83Μ83Μ33Μο33
3 373776 373333 373333 373333 370336 363633 33
8 373773 437557ι 373333 4· 71406 370338 369630 22
9 373766 373330 ’3 73387 373373 376337 363633 33
ιο 373766 373338 333333 373336 376337 363666 36

11 3 73333 373303 373337 373333 376366 ·
33 375747 373333 373383 373363 4. 70336 .
33Μψηωψ3ωυωωμψω3ωωη
14 373733 373333 373363 373388 376377 363337 16
15 373733 373368 373373 373333 376333 363336 33

36

17 373766 3 73337 373366 373673 376633 363336
38 373696 4. 73333 4. 73363 373043 4. 70065 4.69507
19 3 73683 3 73363Ι 373336 373667 376637 363333
20 373673 373678 373683 376376 376633 ,363333

363383

363378

23 373633 373333 373377 376863 363333 363373
33 373633 373363 373333 3 76838 3 63336 363368
373666 373333 373366 376733 363887 363363

33 3 73333 3 73833 373733 376633 363737 363334 3
3ο 373337 373783 373763 376633 363776 363333 0

mula xxxma

 

