36

‘niuis xm Inclinatio Orbitae Lnnae eum circuio Latitudinis ad partes 585545 Propior& i
pro Eclipfibus ad dena Minuta Argumenti Latitudinis.

¹-

&

argumenti mitudinis.
0

1 84 58 32 84 98 99 84 58 34 ,84 98 3⁶ 84 98 27 84 98 99 84 98 41 n
2 845841 84 9844 84 9849 84984984989849894 2⁷

845854345857845908459 384596845910845914 2⁶
, 84 99 14 84 99 1⁸ ⁸459 22 84 59 26 84 99 99 84 99 94 84 99 99 ²5

84594934595484595985 0 4⁸5 0 9Ι
85 020 85 02685 058 85 05885 044 45

0 8458 30 345⁸ 30 84 58 50 84 58 31 84 58 31 84 58 32 84 58 32

85 04485 05035 05785 9 485 ’99985 99885 945 44
g 85 94585 95585 14185 149⁸·5.15⁶85 4485 212 21
5 49485 44085 44585 45885 44685 45585 44 40

g} 88885 64885 7 085
85 8485 817

pli-{35 344 35 857 35 9,st
16 85 90 9859045 85 9058 85 9055 85 99 885 994485 9953 95
4ωωωωωᾞᾛ8

 

