9991ae 7475775. Logarithmicadistantfflr, 20 ad smgulos 3508555 Anomauae
vetae vel Coaequatoe·

944 8. 0. 8. Ι.8· ΙΙ. S. 1198. 1v. 8. V.

0 5· 00223 499670 4· 96946 497675 ⁴996958 995581 30
1 5. 00223 4. 99849 4. 98888 497654 4· 96422 4·955⁶0 ²9
2 5. 00222 4. 99827 4‚98849 4· 97537 4·9⁶336 4·95540 ²⁸
3 ς. 00220 4. 99803 4. 98810 497545 4·95350 4·955²¹ ²7
4 5. 00517 499776 4. 98771 497499 496545 4595509 46
5 5. 00213 4·99792 4. 98731· 4· 97456 4·9⁶²⁸0 4·95435 ²5

6 500409 499745 498694 497445 4 964464 ·95468 44
500404 499697 498654 4975704 496445 495454 45

⁸ 500496 499669 496640497547 4964604 ·95496 44

· 9 5··.·00494499640496569497465 499446 455444 21
.ιο 500465 499640 4·965474 97445456446 495407 40

500477 499560 496465 497404 456064 495594 49
12 500467 499550 496449 497460 496055 495564 46
54 5. 00156 459549 496404 497449 496044 495570 47
54 500444 4· 99466 496559 497076 495594 495556 46
¹5 5 00454 4 95456 498457 4 97056 4 95964 495547 45

’495944 459004497764 490554 495644495479 4
. 499694 496964 4 97746 496495 495604 495474 4
499670 4969464 97675 456456 495·564455474 ,0 · 5

SXIS. x.S.1x8..v11‡sv118v1.449

’,744754 xxxa. ·

 

