, ‘tatuit ttttti'. Diamttti 14555558 ἒο15151054855 Altitudinis centri 145555 145951
· ortzontent.

*⁴* *-

Altit.

e 0. 55 5. 54. 555„ s. 54. 5. tt. s.v M. nte 5. tt. ntt. 55

0 Ζ9 50²9 45 50 ¹5 50 45 5¹ ¹5 5¹ 47 52 ²03² 5455 ²5
5 29 55 59 48 50 58 50 4855 18331 50 55 55 55 57 55 55
55 55 55 55 5555 20 50 5555 55155 55 55 5555 5 55 55
¹5 29 58 59 55 50 55 50 55 55 54555 56 55· 59 55 555 58
50 55 4555 55 55 55 55 55 55 55455 58 52 55 55 555 45
25 55 45 55 58 55 55 50 58 55 55155 555 54 55 855 44
’ 5ο· 55 4455 555 55 55 555 55155 555, 5555 55 55 45
’ 55 ²94650 Ζ50585ι 2515552 6524055145550
45 55 4855 4555455 455 5555 855 4555 5555 55
ᾗ 45 55 5555 555 5555 555 55155 5555 4455 5855 5⁶

50 29 5550 850 5755 855 5955 55554655 505558
55 29 55 50Ι 950 59 55 95¹ 40 52 ¹5 32 4⁷ 55 ²² 55 59
60 29 54 50 55550 40 55 tt 55 45 55 55 55 49 55 5454 5
65 59 5550 55504555 5555 4555 56555055 5554 5
55 55 5555 55 55 45 55 55 55 4455 55 55 5555 5554 5

. ,, 55 55 5⁷50 54554455 5455 5555 5855 5555 5554 5

80 59 58 50 55 50 45 55 54 55 46 55 59 55 55 55 57 54 4
85 59 5950 5650 45 55 55 55 4655 5955 5555 58545
90 59 59 5ο 56 50 46 55 56 55 47 55 50 55 55 55 58 54 5

Ufits.

Qne dttatn inne Dittnettnttt Hotizottttietn in grtdtt 0 814154541ἰηί5, 85 in ea tolntnttt qnae habet in 509154
dttntn Ditmtttttm. ὲ regione penpofittt altitudinis eentti Ltnae, qtaesttttn Diatnetttttn 54905154.

5555591555

51511051505551154155510ηεῦ15000 551, 470, 45045 in 045155 septime tolntnnae tepetietnt, 5 tte 9509010
8155505155 0555555Ι Luna 60. Gttd. Qutte tn septima columna regione Aitttttdtntt 60. Graique tta Dtatnetet
μ51 1155ΐῶ191ᾜῆιί tam 155555 1105150555ῐί4. vei 155 O altitudinis, quim altitudinis centri Luna 115951 514-
tt'tontetttnnn aettttttt': tepetianntt in Tabuit ‚ nffnnentaesnntpann ptopottiotttiet 19115 metit respondentu-

 

