12

111811111111111111 Anguffifilgffijoecgocnssrfevigidiano ad partes orientalem

Differ. 119 Differ.

⁰, ξ 4Ξ ο16 5⁴3² ¹} υ’11 15 ¹¹⁰ 3} :o'u 15 ΞΟ
880518ἓὲ {io} ἔγ ἷζῃ 81104 3¹⁰ 5‘1’ 18
2 3: 1 115 81ῑὲ {³

5 92 10 6²⁵ ’7401 11 11 ²⁰.. ¹⁶

-··-·-2
6 9156 145 5454110419 55ι
79315155¹10439109³7
8 95 17 56 ²5 45⁸ 104 58 50 ¹9 ²⁰

11 11 17²⁵ ⁴¹ 10 17 ³2¹⁹ ²
119) 94 18 52 ²5 35 1οζ 56 1418 4²
:rr-4 1 20²⁵ ²⁸ ῑεῑπξ ²0 “7⁷ ’Ξ ,‚
12 95 942²5²²10612351 ι111174Ξ 18
13 95 34 5525 ¹3 106 30 ¹7³⁷ ἒξ 112 33 45 6 ’ὅ 17
14 96 0 οἷς {106 47 584ζ 1¹¹² 40 ²5 5⁶ 16x
15 16 24 57⁴⁵ 107 4.39 112 41 18 ¹5;

····-··-24 48³--···*-1⁶41-··-··-5 ³2 -ψ
16 96 49 4544 44 107· 11 50 46 40 111 5150 5 ¹0 14
17 97 14 1144 44 107 57 40¹5 57 111 56 404 4⁶ 15
18 97 38 4744 ι6107 55 5744 3⁸ 115 1 264 26 11
15 98 5 544 4108 91544 14115 5514 0 111
20 58 17 7 108 14 5ο 115 9 51 10
...---.--15 51 ----14154. 5 58
11 98 5ο 5944 4¹108 59 14 44 44 115 15 3⁰3 ¹4 9
11 99 14 4023 46108 55 57 14 14115 16 44ι 53 8
23 1118 ‘2311109 8 1,, ,0111 11 111 29 ⁷
14 100 117²² 5⁸ 109 11 5944 46 115 11 6² 7 6
151100 14 15 109 55 15 115 14 15 5

4
3
1
1
0

Ι 22 44 -a--n-13 5--1--1— 1 44
16 100 46 5944 30 109 48 5014 44 115 15 57 4 19
Ι17 101 9 1944 44 110 1 1444 40 115 17 16 0 53
28 101 51 45 44 57110 15 54Η 44 115 18 ¹40 44

19 101 55 404ι 44110 15 5544 44 115 18 48 0 44
Ι50 101 15 11 110 57 10 115 19 0

nnn-mm

÷> 115 n G.
kzfiduu

 

