68

Tabula XLVII. Logarithmi distantiae ῼ 8 Θ in fingulis gradibus·
“’ , Anomaliae verae.

Ano. S. Ο. 8. Ι. 8. ΙΙ. 8. 111. 8. IV. 8. V.

fffflfflfflwfflw

ν , ., ., ..ν ἢ, ,. ‚W ‚„
³·⁸⁶²²⁸ “⁸⁶¹⁹‘' ,3:35570 5·⁸5920 3·85764 3·85654 29

836883 886184 5 86065 5. 85954 585759 585655 58
586558 536535 586060 585508 585755 58565Ο 27
586558 586578 586055 585505 5. 85750 585648 56
586558 586575 586050 585896 585746 585646 55

586558 586575 5 86045 585850 585745 585644 24
*7 586557 586568 586050 585884 585758 585645 55
g 586557 586564 586055 585879 585754 585640 55
9 5. 86557 586560 586050 585875 585750 585658 55
10 5 86556 5. 86556 586055 585867 585756 585656 50

586556 586555 586050 585865 585755 585654 59
12 586556 586548 586055 585856 585758 585655 58
,3 5. 86555 586544 586050 585855 5. 85754 5. 85650 57
5. 86555 586540 586005 585846 3· 85710 5. 85658 56
¹5 5. 86554 5 86556 586000 585845 5. 85706 5 85656 55

16 586555 5· 8⁶132 585555 535356 585705 555555
5 86555 586558 585590 5. 85855 585698 585654 ¹3

18 5 86555 586554 585585 585856 585694 585655 55
19 3.86220 586550 585580 5. 85855 5. 85690 5. 85655 55
20 586555 586556 585575 585856 585686 585655 10

21 586557 5. 86555 5. 85970 5. 858555 85685 585650 9

22 5 86555 586508 585965 585806 585680 585659 8

23 5. 86555 586504 585960 585805 585677 585659
586550 586500 585555 585796 585674 5 85659

25 586507 586096 585550 585795 585675 585658

56 586505 586095 585545 585786 5. 85663 585658
²7 586599 586088 585940 585785 585665 585658
5· 86556 5· 36085 3· 85555 5· 35777 5· 8566ι 585653
59 586595 586080 585950 585775 585659 585658 5

wau mnu,

 

